[
    {
        "scene_name": "scan1",
        "image_names": [
            "images/00000000.png",
            "images/00000010.png",
            "images/00000001.png",
            "images/00000009.png",
            "images/00000012.png",
            "images/00000011.png",
            "images/00000013.png",
            "images/00000002.png",
            "images/00000008.png",
            "images/00000014.png",
            "images/00000027.png"
        ],
        "poses": [
            [
                [
                    0.9702630043029785,
                    0.007479830179363489,
                    0.2419389933347702,
                    -0.19101999700069427
                ],
                [
                    -0.014742899686098099,
                    0.9994930028915405,
                    0.028223399072885513,
                    0.00328832003287971
                ],
                [
                    -0.2416049987077713,
                    -0.03095100075006485,
                    0.969880998134613,
                    0.022540099918842316
                ],
                [
                    0.0,
                    0.0,
                    0.0,
                    1.0
                ]
            ],
            [
                [
                    0.8850520253181458,
                    -0.30796200037002563,
                    0.3490599989891052,
                    -0.2584969997406006
                ],
                [
                    0.2205750048160553,
                    0.937798023223877,
                    0.268108993768692,
                    -0.15649299323558807
                ],
                [
                    -0.4099150002002716,
                    -0.1602959930896759,
                    0.89792799949646,
                    0.07183799892663956
                ],
                [
                    0.0,
                    0.0,
                    0.0,
                    1.0
                ]
            ],
            [
                [
                    0.8022559881210327,
                    -0.4393469989299774,
                    0.4041779935359955,
                    -0.29141899943351746
                ],
                [
                    0.4279929995536804,
                    0.895281970500946,
                    0.12365899980068207,
                    -0.07704950124025345
                ],
                [
                    -0.4161829948425293,
                    0.07377900183200836,
                    0.9062830209732056,
                    0.07127620279788971
                ],
                [
                    0.0,
                    0.0,
                    0.0,
                    1.0
                ]
            ],
            [
                [
                    0.685912013053894,
                    -0.5816599726676941,
                    0.4372609853744507,
                    -0.30896100401878357
                ],
                [
                    0.466623991727829,
                    0.8126620054244995,
                    0.34905898571014404,
                    -0.21938499808311462
                ],
                [
                    -0.5583789944648743,
                    -0.035388000309467316,
                    0.8288310170173645,
                    0.12315100431442261
                ],
                [
                    0.0,
                    0.0,
                    0.0,
                    1.0
                ]
            ],
            [
                [
                    0.8979910016059875,
                    -0.2933250069618225,
                    0.3279840052127838,
                    -0.2460460066795349
                ],
                [
                    0.12880800664424896,
                    0.8879780173301697,
                    0.44147899746894836,
                    -0.25962400436401367
                ],
                [
                    -0.42073899507522583,
                    -0.3541969954967499,
                    0.8351789712905884,
                    0.10733100026845932
                ],
                [
                    0.0,
                    0.0,
                    0.0,
                    1.0
                ]
            ],
            [
                [
                    0.9710190296173096,
                    -0.04348960146307945,
                    0.2350129932165146,
                    -0.18717999756336212
                ],
                [
                    -0.0586078017950058,
                    0.9099559783935547,
                    0.41054201126098633,
                    -0.23209699988365173
                ],
                [
                    -0.23170599341392517,
                    -0.412418007850647,
                    0.8810359835624695,
                    0.06979119777679443
                ],
                [
                    0.0,
                    0.0,
                    0.0,
                    1.0
                ]
            ],
            [
                [
                    0.7546190023422241,
                    -0.5177239775657654,
                    0.4031270146369934,
                    -0.2899410128593445
                ],
                [
                    0.2998400032520294,
                    0.8185520172119141,
                    0.4899680018424988,
                    -0.2983420193195343
                ],
                [
                    -0.5836489796638489,
                    -0.248866006731987,
                    0.7729300260543823,
                    0.15468299388885498
                ],
                [
                    0.0,
                    0.0,
                    0.0,
                    1.0
                ]
            ],
            [
                [
                    0.42349401116371155,
                    -0.760860025882721,
                    0.49167600274086,
                    -0.33456000685691833
                ],
                [
                    0.749176025390625,
                    0.599291980266571,
                    0.28210699558258057,
                    -0.19415700435638428
                ],
                [
                    -0.5093010067939758,
                    0.248880997300148,
                    0.8238149881362915,
                    0.12934400141239166
                ],
                [
                    0.0,
                    0.0,
                    0.0,
                    1.0
                ]
            ],
            [
                [
                    0.39938798546791077,
                    -0.77817702293396,
                    0.48469600081443787,
                    -0.32883498072624207
                ],
                [
                    0.6475390195846558,
                    0.6137049794197083,
                    0.45173001289367676,
                    -0.2943900227546692
                ],
                [
                    -0.6489859819412231,
                    0.13344399631023407,
                    0.7490059733390808,
                    0.17930001020431519
                ],
                [
                    0.0,
                    0.0,
                    0.0,
                    1.0
                ]
            ],
            [
                [
                    0.5523620247840881,
                    -0.6994109749794006,
                    0.45356398820877075,
                    -0.31521499156951904
                ],
                [
                    0.4411480128765106,
                    0.7069219946861267,
                    0.5528560280799866,
                    -0.3453340232372284
                ],
                [
                    -0.7073079943656921,
                    -0.10528799891471863,
                    0.6990209817886353,
                    0.20819400250911713
                ],
                [
                    0.0,
                    0.0,
                    0.0,
                    1.0
                ]
            ],
            [
                [
                    0.9260240197181702,
                    -0.24178199470043182,
                    0.2898620069026947,
                    -0.22245799005031586
                ],
                [
                    0.022971399128437042,
                    0.8025950193405151,
                    0.5960819721221924,
                    -0.35213398933410645
                ],
                [
                    -0.3767639994621277,
                    -0.5453280210494995,
                    0.7487769722938538,
                    0.1551560014486313
                ],
                [
                    0.0,
                    0.0,
                    0.0,
                    1.0
                ]
            ]
        ],
        "intrinsics": [
            [
                [
                    2892.330078125,
                    0.0,
                    823.2050170898438
                ],
                [
                    0.0,
                    2883.179931640625,
                    619.0709838867188
                ],
                [
                    0.0,
                    0.0,
                    1.0
                ]
            ],
            [
                [
                    2892.330078125,
                    0.0,
                    823.2050170898438
                ],
                [
                    0.0,
                    2883.179931640625,
                    619.0709838867188
                ],
                [
                    0.0,
                    0.0,
                    1.0
                ]
            ],
            [
                [
                    2892.330078125,
                    0.0,
                    823.2039794921875
                ],
                [
                    0.0,
                    2883.179931640625,
                    619.0689697265625
                ],
                [
                    0.0,
                    0.0,
                    1.0
                ]
            ],
            [
                [
                    2892.330078125,
                    0.0,
                    823.2069702148438
                ],
                [
                    0.0,
                    2883.179931640625,
                    619.0700073242188
                ],
                [
                    0.0,
                    0.0,
                    1.0
                ]
            ],
            [
                [
                    2892.330078125,
                    0.0,
                    823.2050170898438
                ],
                [
                    0.0,
                    2883.169921875,
                    619.0689697265625
                ],
                [
                    0.0,
                    0.0,
                    1.0
                ]
            ],
            [
                [
                    2892.330078125,
                    0.0,
                    823.2069702148438
                ],
                [
                    0.0,
                    2883.169921875,
                    619.0689697265625
                ],
                [
                    0.0,
                    0.0,
                    1.0
                ]
            ],
            [
                [
                    2892.330078125,
                    0.0,
                    823.2050170898438
                ],
                [
                    0.0,
                    2883.169921875,
                    619.0689697265625
                ],
                [
                    0.0,
                    0.0,
                    1.0
                ]
            ],
            [
                [
                    2892.330078125,
                    0.0,
                    823.2059936523438
                ],
                [
                    0.0,
                    2883.179931640625,
                    619.0700073242188
                ],
                [
                    0.0,
                    0.0,
                    1.0
                ]
            ],
            [
                [
                    2892.330078125,
                    0.0,
                    823.2050170898438
                ],
                [
                    0.0,
                    2883.179931640625,
                    619.072021484375
                ],
                [
                    0.0,
                    0.0,
                    1.0
                ]
            ],
            [
                [
                    2892.330078125,
                    0.0,
                    823.2059936523438
                ],
                [
                    0.0,
                    2883.169921875,
                    619.0700073242188
                ],
                [
                    0.0,
                    0.0,
                    1.0
                ]
            ],
            [
                [
                    2892.330078125,
                    0.0,
                    823.2050170898438
                ],
                [
                    0.0,
                    2883.169921875,
                    619.0689697265625
                ],
                [
                    0.0,
                    0.0,
                    1.0
                ]
            ]
        ],
        "depth_path": "gt_depths/00000000.pfm",
        "key_view_idx": 0
    },
    {
        "scene_name": "scan1",
        "image_names": [
            "images/00000009.png",
            "images/00000013.png",
            "images/00000014.png",
            "images/00000008.png",
            "images/00000010.png",
            "images/00000001.png",
            "images/00000012.png",
            "images/00000002.png",
            "images/00000015.png",
            "images/00000025.png",
            "images/00000000.png"
        ],
        "poses": [
            [
                [
                    0.685912013053894,
                    -0.5816599726676941,
                    0.4372609853744507,
                    -0.30896100401878357
                ],
                [
                    0.466623991727829,
                    0.8126620054244995,
                    0.34905898571014404,
                    -0.21938499808311462
                ],
                [
                    -0.5583789944648743,
                    -0.035388000309467316,
                    0.8288310170173645,
                    0.12315100431442261
                ],
                [
                    0.0,
                    0.0,
                    0.0,
                    1.0
                ]
            ],
            [
                [
                    0.7546190023422241,
                    -0.5177239775657654,
                    0.4031270146369934,
                    -0.2899410128593445
                ],
                [
                    0.2998400032520294,
                    0.8185520172119141,
                    0.4899680018424988,
                    -0.2983420193195343
                ],
                [
                    -0.5836489796638489,
                    -0.248866006731987,
                    0.7729300260543823,
                    0.15468299388885498
                ],
                [
                    0.0,
                    0.0,
                    0.0,
                    1.0
                ]
            ],
            [
                [
                    0.5523620247840881,
                    -0.6994109749794006,
                    0.45356398820877075,
                    -0.31521499156951904
                ],
                [
                    0.4411480128765106,
                    0.7069219946861267,
                    0.5528560280799866,
                    -0.3453340232372284
                ],
                [
                    -0.7073079943656921,
                    -0.10528799891471863,
                    0.6990209817886353,
                    0.20819400250911713
                ],
                [
                    0.0,
                    0.0,
                    0.0,
                    1.0
                ]
            ],
            [
                [
                    0.39938798546791077,
                    -0.77817702293396,
                    0.48469600081443787,
                    -0.32883498072624207
                ],
                [
                    0.6475390195846558,
                    0.6137049794197083,
                    0.45173001289367676,
                    -0.2943900227546692
                ],
                [
                    -0.6489859819412231,
                    0.13344399631023407,
                    0.7490059733390808,
                    0.17930001020431519
                ],
                [
                    0.0,
                    0.0,
                    0.0,
                    1.0
                ]
            ],
            [
                [
                    0.8850520253181458,
                    -0.30796200037002563,
                    0.3490599989891052,
                    -0.2584969997406006
                ],
                [
                    0.2205750048160553,
                    0.937798023223877,
                    0.268108993768692,
                    -0.15649299323558807
                ],
                [
                    -0.4099150002002716,
                    -0.1602959930896759,
                    0.89792799949646,
                    0.07183799892663956
                ],
                [
                    0.0,
                    0.0,
                    0.0,
                    1.0
                ]
            ],
            [
                [
                    0.8022559881210327,
                    -0.4393469989299774,
                    0.4041779935359955,
                    -0.29141899943351746
                ],
                [
                    0.4279929995536804,
                    0.895281970500946,
                    0.12365899980068207,
                    -0.07704950124025345
                ],
                [
                    -0.4161829948425293,
                    0.07377900183200836,
                    0.9062830209732056,
                    0.07127620279788971
                ],
                [
                    0.0,
                    0.0,
                    0.0,
                    1.0
                ]
            ],
            [
                [
                    0.8979910016059875,
                    -0.2933250069618225,
                    0.3279840052127838,
                    -0.2460460066795349
                ],
                [
                    0.12880800664424896,
                    0.8879780173301697,
                    0.44147899746894836,
                    -0.25962400436401367
                ],
                [
                    -0.42073899507522583,
                    -0.3541969954967499,
                    0.8351789712905884,
                    0.10733100026845932
                ],
                [
                    0.0,
                    0.0,
                    0.0,
                    1.0
                ]
            ],
            [
                [
                    0.42349401116371155,
                    -0.760860025882721,
                    0.49167600274086,
                    -0.33456000685691833
                ],
                [
                    0.749176025390625,
                    0.599291980266571,
                    0.28210699558258057,
                    -0.19415700435638428
                ],
                [
                    -0.5093010067939758,
                    0.248880997300148,
                    0.8238149881362915,
                    0.12934400141239166
                ],
                [
                    0.0,
                    0.0,
                    0.0,
                    1.0
                ]
            ],
            [
                [
                    0.3067989945411682,
                    -0.8241400122642517,
                    0.4760960042476654,
                    -0.32125601172447205
                ],
                [
                    0.5421410202980042,
                    0.5624579787254333,
                    0.6242780089378357,
                    -0.3963240087032318
                ],
                [
                    -0.78227698802948,
                    0.06658300012350082,
                    0.6193619966506958,
                    0.2636539936065674
                ],
                [
                    0.0,
                    0.0,
                    0.0,
                    1.0
                ]
            ],
            [
                [
                    0.6716729998588562,
                    -0.6153079867362976,
                    0.41261500120162964,
                    -0.2942099869251251
                ],
                [
                    0.2453799992799759,
                    0.7102829813957214,
                    0.6597620248794556,
                    -0.40282002091407776
                ],
                [
                    -0.6990309953689575,
                    -0.34189701080322266,
                    0.6280620098114014,
                    0.24735400080680847
                ],
                [
                    0.0,
                    0.0,
                    0.0,
                    1.0
                ]
            ],
            [
                [
                    0.9702630043029785,
                    0.007479830179363489,
                    0.2419389933347702,
                    -0.19101999700069427
                ],
                [
                    -0.014742899686098099,
                    0.9994930028915405,
                    0.028223399072885513,
                    0.00328832003287971
                ],
                [
                    -0.2416049987077713,
                    -0.03095100075006485,
                    0.969880998134613,
                    0.022540099918842316
                ],
                [
                    0.0,
                    0.0,
                    0.0,
                    1.0
                ]
            ]
        ],
        "intrinsics": [
            [
                [
                    2892.330078125,
                    0.0,
                    823.2069702148438
                ],
                [
                    0.0,
                    2883.179931640625,
                    619.0700073242188
                ],
                [
                    0.0,
                    0.0,
                    1.0
                ]
            ],
            [
                [
                    2892.330078125,
                    0.0,
                    823.2050170898438
                ],
                [
                    0.0,
                    2883.169921875,
                    619.0689697265625
                ],
                [
                    0.0,
                    0.0,
                    1.0
                ]
            ],
            [
                [
                    2892.330078125,
                    0.0,
                    823.2059936523438
                ],
                [
                    0.0,
                    2883.169921875,
                    619.0700073242188
                ],
                [
                    0.0,
                    0.0,
                    1.0
                ]
            ],
            [
                [
                    2892.330078125,
                    0.0,
                    823.2050170898438
                ],
                [
                    0.0,
                    2883.179931640625,
                    619.072021484375
                ],
                [
                    0.0,
                    0.0,
                    1.0
                ]
            ],
            [
                [
                    2892.330078125,
                    0.0,
                    823.2050170898438
                ],
                [
                    0.0,
                    2883.179931640625,
                    619.0709838867188
                ],
                [
                    0.0,
                    0.0,
                    1.0
                ]
            ],
            [
                [
                    2892.330078125,
                    0.0,
                    823.2039794921875
                ],
                [
                    0.0,
                    2883.179931640625,
                    619.0689697265625
                ],
                [
                    0.0,
                    0.0,
                    1.0
                ]
            ],
            [
                [
                    2892.330078125,
                    0.0,
                    823.2050170898438
                ],
                [
                    0.0,
                    2883.169921875,
                    619.0689697265625
                ],
                [
                    0.0,
                    0.0,
                    1.0
                ]
            ],
            [
                [
                    2892.330078125,
                    0.0,
                    823.2059936523438
                ],
                [
                    0.0,
                    2883.179931640625,
                    619.0700073242188
                ],
                [
                    0.0,
                    0.0,
                    1.0
                ]
            ],
            [
                [
                    2892.330078125,
                    0.0,
                    823.2059936523438
                ],
                [
                    0.0,
                    2883.179931640625,
                    619.0689697265625
                ],
                [
                    0.0,
                    0.0,
                    1.0
                ]
            ],
            [
                [
                    2892.330078125,
                    0.0,
                    823.2050170898438
                ],
                [
                    0.0,
                    2883.179931640625,
                    619.072021484375
                ],
                [
                    0.0,
                    0.0,
                    1.0
                ]
            ],
            [
                [
                    2892.330078125,
                    0.0,
                    823.2050170898438
                ],
                [
                    0.0,
                    2883.179931640625,
                    619.0709838867188
                ],
                [
                    0.0,
                    0.0,
                    1.0
                ]
            ]
        ],
        "depth_path": "gt_depths/00000009.pfm",
        "key_view_idx": 0
    },
    {
        "scene_name": "scan1",
        "image_names": [
            "images/00000019.png",
            "images/00000020.png",
            "images/00000018.png",
            "images/00000037.png",
            "images/00000017.png",
            "images/00000038.png",
            "images/00000036.png",
            "images/00000021.png",
            "images/00000039.png",
            "images/00000005.png",
            "images/00000006.png"
        ],
        "poses": [
            [
                [
                    -0.6232370138168335,
                    -0.719897985458374,
                    0.3054859936237335,
                    -0.17414900660514832
                ],
                [
                    0.3608759939670563,
                    0.08180530369281769,
                    0.9290189743041992,
                    -0.5845410227775574
                ],
                [
                    -0.6937900185585022,
                    0.6892420053482056,
                    0.2088100016117096,
                    0.5234290361404419
                ],
                [
                    0.0,
                    0.0,
                    0.0,
                    1.0
                ]
            ],
            [
                [
                    -0.4234890043735504,
                    -0.8259119987487793,
                    0.37219300866127014,
                    -0.22532500326633453
                ],
                [
                    0.41263601183891296,
                    0.1898909956216812,
                    0.8908830285072327,
                    -0.561381995677948
                ],
                [
                    -0.8064669966697693,
                    0.5308589935302734,
                    0.2603839933872223,
                    0.49382197856903076
                ],
                [
                    0.0,
                    0.0,
                    0.0,
                    1.0
                ]
            ],
            [
                [
                    -0.49386298656463623,
                    -0.7876440286636353,
                    0.3683969974517822,
                    -0.21929201483726501
                ],
                [
                    0.5499110221862793,
                    0.04527429863810539,
                    0.83399498462677,
                    -0.5345560312271118
                ],
                [
                    -0.6735699772834778,
                    0.6144649982452393,
                    0.41077500581741333,
                    0.3969760239124298
                ],
                [
                    0.0,
                    0.0,
                    0.0,
                    1.0
                ]
            ],
            [
                [
                    -0.49897700548171997,
                    -0.8018360137939453,
                    0.32875698804855347,
                    -0.19524499773979187
                ],
                [
                    0.22500599920749664,
                    0.24647900462150574,
                    0.9426670074462891,
                    -0.5840439796447754
                ],
                [
                    -0.8368960022926331,
                    0.5443410277366638,
                    0.05743100121617317,
                    0.6199859976768494
                ],
                [
                    0.0,
                    0.0,
                    0.0,
                    1.0
                ]
            ],
            [
                [
                    -0.23786799609661102,
                    -0.8699719905853271,
                    0.43193501234054565,
                    -0.2710440158843994
                ],
                [
                    0.5998029708862305,
                    0.21821199357509613,
                    0.7698180079460144,
                    -0.49429500102996826
                ],
                [
                    -0.7639740109443665,
                    0.4421910047531128,
                    0.4699060022830963,
                    0.36145299673080444
                ],
                [
                    0.0,
                    0.0,
                    0.0,
                    1.0
                ]
            ],
            [
                [
                    -0.6362980008125305,
                    -0.7276660203933716,
                    0.2561799883842468,
                    -0.14353398978710175
                ],
                [
                    0.031571198254823685,
                    0.30723699927330017,
                    0.951108992099762,
                    -0.5794199705123901
                ],
                [
                    -0.7707970142364502,
                    0.6132760047912598,
                    -0.17252099514007568,
                    0.7598310112953186
                ],
                [
                    0.0,
                    0.0,
                    0.0,
                    1.0
                ]
            ],
            [
                [
                    -0.30416300892829895,
                    -0.8733299970626831,
                    0.3804979920387268,
                    -0.23677100241184235
                ],
                [
                    0.24429799616336823,
                    0.31455498933792114,
                    0.9172639846801758,
                    -0.5679399967193604
                ],
                [
                    -0.9207620024681091,
                    0.37195301055908203,
                    0.1176770031452179,
                    0.5835230350494385
                ],
                [
                    0.0,
                    0.0,
                    0.0,
                    1.0
                ]
            ],
            [
                [
                    -0.20023900270462036,
                    -0.8843219876289368,
                    0.4217570126056671,
                    -0.26654699444770813
                ],
                [
                    0.43584299087524414,
                    0.30513501167297363,
                    0.8467190265655518,
                    -0.5331900119781494
                ],
                [
                    -0.877465009689331,
                    0.3533659875392914,
                    0.3243260085582733,
                    0.4544059932231903
                ],
                [
                    0.0,
                    0.0,
                    0.0,
                    1.0
                ]
            ],
            [
                [
                    -0.46965399384498596,
                    -0.8247219920158386,
                    0.3150550127029419,
                    -0.1881289929151535
                ],
                [
                    0.04291579872369766,
                    0.3351120054721832,
                    0.9412000179290771,
                    -0.5729470252990723
                ],
                [
                    -0.8818070292472839,
                    0.45555898547172546,
                    -0.12199299782514572,
                    0.7305029630661011
                ],
                [
                    0.0,
                    0.0,
                    0.0,
                    1.0
                ]
            ],
            [
                [
                    -0.595104992389679,
                    -0.7244319915771484,
                    0.3479200005531311,
                    -0.20127199590206146
                ],
                [
                    0.6311269998550415,
                    -0.1532689929008484,
                    0.7603859901428223,
                    -0.49693799018859863
                ],
                [
                    -0.4975230097770691,
                    0.672091007232666,
                    0.5484200119972229,
                    0.305637001991272
                ],
                [
                    0.0,
                    0.0,
                    0.0,
                    1.0
                ]
            ],
            [
                [
                    -0.2852360010147095,
                    -0.8534110188484192,
                    0.43626800179481506,
                    -0.27097800374031067
                ],
                [
                    0.7346829771995544,
                    0.09764210134744644,
                    0.6713470220565796,
                    -0.44229400157928467
                ],
                [
                    -0.6155329942703247,
                    0.5120109915733337,
                    0.5991359949111938,
                    0.27669501304626465
                ],
                [
                    0.0,
                    0.0,
                    0.0,
                    1.0
                ]
            ]
        ],
        "intrinsics": [
            [
                [
                    2892.330078125,
                    0.0,
                    823.2059936523438
                ],
                [
                    0.0,
                    2883.169921875,
                    619.0689697265625
                ],
                [
                    0.0,
                    0.0,
                    1.0
                ]
            ],
            [
                [
                    2892.330078125,
                    0.0,
                    823.2039794921875
                ],
                [
                    0.0,
                    2883.179931640625,
                    619.0700073242188
                ],
                [
                    0.0,
                    0.0,
                    1.0
                ]
            ],
            [
                [
                    2892.330078125,
                    0.0,
                    823.2039794921875
                ],
                [
                    0.0,
                    2883.179931640625,
                    619.0709838867188
                ],
                [
                    0.0,
                    0.0,
                    1.0
                ]
            ],
            [
                [
                    2892.330078125,
                    0.0,
                    823.2059936523438
                ],
                [
                    0.0,
                    2883.179931640625,
                    619.0700073242188
                ],
                [
                    0.0,
                    0.0,
                    1.0
                ]
            ],
            [
                [
                    2892.330078125,
                    0.0,
                    823.2050170898438
                ],
                [
                    0.0,
                    2883.169921875,
                    619.0709838867188
                ],
                [
                    0.0,
                    0.0,
                    1.0
                ]
            ],
            [
                [
                    2892.330078125,
                    0.0,
                    823.2059936523438
                ],
                [
                    0.0,
                    2883.179931640625,
                    619.0700073242188
                ],
                [
                    0.0,
                    0.0,
                    1.0
                ]
            ],
            [
                [
                    2892.330078125,
                    0.0,
                    823.2050170898438
                ],
                [
                    0.0,
                    2883.179931640625,
                    619.072021484375
                ],
                [
                    0.0,
                    0.0,
                    1.0
                ]
            ],
            [
                [
                    2892.330078125,
                    0.0,
                    823.2059936523438
                ],
                [
                    0.0,
                    2883.179931640625,
                    619.0700073242188
                ],
                [
                    0.0,
                    0.0,
                    1.0
                ]
            ],
            [
                [
                    2892.330078125,
                    0.0,
                    823.2050170898438
                ],
                [
                    0.0,
                    2883.179931640625,
                    619.0689697265625
                ],
                [
                    0.0,
                    0.0,
                    1.0
                ]
            ],
            [
                [
                    2892.330078125,
                    0.0,
                    823.2039794921875
                ],
                [
                    0.0,
                    2883.179931640625,
                    619.0709838867188
                ],
                [
                    0.0,
                    0.0,
                    1.0
                ]
