[
    {
        "scene_name": "courtyard",
        "image_names": [
            "images/dslr_images/DSC_0286.JPG",
            "images/dslr_images/DSC_0287.JPG",
            "images/dslr_images/DSC_0288.JPG",
            "images/dslr_images/DSC_0318.JPG",
            "images/dslr_images/DSC_0289.JPG",
            "images/dslr_images/DSC_0311.JPG",
            "images/dslr_images/DSC_0312.JPG",
            "images/dslr_images/DSC_0317.JPG",
            "images/dslr_images/DSC_0323.JPG",
            "images/dslr_images/DSC_0313.JPG",
            "images/dslr_images/DSC_0319.JPG"
        ],
        "poses": [
            [
                [
                    -0.1401391625404358,
                    0.9901273846626282,
                    -0.003037701826542616,
                    6.115580081939697
                ],
                [
                    0.15160799026489258,
                    0.01842581108212471,
                    -0.9882691502571106,
                    1.1268500089645386
                ],
                [
                    -0.9784561991691589,
                    -0.1389555037021637,
                    -0.15269361436367035,
                    3.4753000736236572
                ],
                [
                    0.0,
                    0.0,
                    0.0,
                    1.0
                ]
            ],
            [
                [
                    -0.09443030506372452,
                    0.9954807162284851,
                    -0.01000878307968378,
                    5.217239856719971
                ],
                [
                    0.15829037129878998,
                    0.005088400561362505,
                    -0.9873790740966797,
                    1.0274399518966675
                ],
                [
                    -0.9828663468360901,
                    -0.09482323378324509,
                    -0.1580551415681839,
                    3.7239699363708496
                ],
                [
                    0.0,
                    0.0,
                    0.0,
                    1.0
                ]
            ],
            [
                [
                    -0.05361118167638779,
                    0.9985193610191345,
                    -0.009160217829048634,
                    4.488349914550781
                ],
                [
                    0.16207227110862732,
                    -0.0003501690807752311,
                    -0.9867783188819885,
                    0.9936739802360535
                ],
                [
                    -0.9853209853172302,
                    -0.05438748002052307,
                    -0.16181309521198273,
                    3.856290102005005
                ],
                [
                    0.0,
                    0.0,
                    0.0,
                    1.0
                ]
            ],
            [
                [
                    0.274372398853302,
                    0.9610720276832581,
                    0.03255673125386238,
                    2.4830400943756104
                ],
                [
                    -0.09886292368173599,
                    0.06186847761273384,
                    -0.9931756258010864,
                    3.0887300968170166
                ],
                [
                    -0.956527829170227,
                    0.2692811191082001,
                    0.11198962479829788,
                    10.859100341796875
                ],
                [
                    0.0,
                    0.0,
                    0.0,
                    1.0
                ]
            ],
            [
                [
                    -0.06202242895960808,
                    0.9980747699737549,
                    -0.00010938625200651586,
                    3.9333600997924805
                ],
                [
                    0.16599442064762115,
                    0.010207153856754303,
                    -0.9860738515853882,
                    1.0218000411987305
                ],
                [
                    -0.9841743111610413,
                    -0.0611768439412117,
                    -0.16630792617797852,
                    3.807460069656372
                ],
                [
                    0.0,
                    0.0,
                    0.0,
                    1.0
                ]
            ],
            [
                [
                    -0.5820251703262329,
                    0.8129087686538696,
                    -0.020687777549028397,
                    10.390199661254883
                ],
                [
                    -0.30521297454833984,
                    -0.24196571111679077,
                    -0.9210315942764282,
                    4.568089962005615
                ],
                [
                    -0.7537198662757874,
                    -0.5297484993934631,
                    0.3889390826225281,
                    7.018080234527588
                ],
                [
                    0.0,
                    0.0,
                    0.0,
                    1.0
                ]
            ],
            [
                [
                    -0.0935516431927681,
                    0.9951161742210388,
                    -0.0315016470849514,
                    3.628459930419922
                ],
                [
                    -0.38948145508766174,
                    -0.06569782644510269,
                    -0.9186884760856628,
                    5.946710109710693
                ],
                [
                    -0.9162711501121521,
                    -0.07367528229951859,
                    0.39372509717941284,
                    9.824540138244629
                ],
                [
                    0.0,
                    0.0,
                    0.0,
                    1.0
                ]
            ],
            [
                [
                    -0.15277135372161865,
                    0.9869806170463562,
                    0.05028626322746277,
                    3.5123400688171387
                ],
                [
                    -0.11725348234176636,
                    0.03242242708802223,
                    -0.992572009563446,
                    3.268090009689331
                ],
                [
                    -0.9812803268432617,
                    -0.15753352642059326,
                    0.110774464905262,
                    12.883999824523926
                ],
                [
                    0.0,
                    0.0,
                    0.0,
                    1.0
                ]
            ],
            [
                [
                    0.0726705864071846,
                    0.9966369867324829,
                    -0.03786104544997215,
                    5.640510082244873
                ],
                [
                    -0.3761124908924103,
                    -0.007773552089929581,
                    -0.9265412092208862,
                    7.383780002593994
                ],
                [
                    -0.9237197041511536,
                    0.08157217502593994,
                    0.3742828965187073,
                    14.210800170898438
                ],
                [
                    0.0,
                    0.0,
                    0.0,
                    1.0
                ]
            ],
            [
                [
                    -0.11268541216850281,
                    0.9932129383087158,
                    -0.02882562205195427,
                    1.9050400257110596
                ],
                [
                    -0.38461196422576904,
                    -0.07034879177808762,
                    -0.920394241809845,
                    5.830639839172363
                ],
                [
                    -0.9161749482154846,
                    -0.09262792766094208,
                    0.38992825150489807,
                    9.492219924926758
                ],
                [
                    0.0,
                    0.0,
                    0.0,
                    1.0
                ]
            ],
            [
                [
                    0.7875613570213318,
                    0.6160836219787598,
                    0.013697966001927853,
                    -1.5919400453567505
                ],
                [
                    -0.1920514553785324,
                    0.2665068209171295,
                    -0.9445046186447144,
                    5.044209957122803
                ],
                [
                    -0.585545003414154,
                    0.741224467754364,
                    0.3282105028629303,
                    9.13031005859375
                ],
                [
                    0.0,
                    0.0,
                    0.0,
                    1.0
                ]
            ]
        ],
        "intrinsics": [
            [
                [
                    3409.580078125,
                    0.0,
                    3036.183837890625
                ],
                [
                    0.0,
                    3409.43994140625,
                    2012.587158203125
                ],
                [
                    0.0,
                    0.0,
                    1.0
                ]
            ],
            [
                [
                    3409.580078125,
                    0.0,
                    3036.183837890625
                ],
                [
                    0.0,
                    3409.43994140625,
                    2012.587158203125
                ],
                [
                    0.0,
                    0.0,
                    1.0
                ]
            ],
            [
                [
                    3409.580078125,
                    0.0,
                    3036.183837890625
                ],
                [
                    0.0,
                    3409.43994140625,
                    2012.587158203125
                ],
                [
                    0.0,
                    0.0,
                    1.0
                ]
            ],
            [
                [
                    3408.35009765625,
                    0.0,
                    3036.183837890625
                ],
                [
                    0.0,
                    3408.800048828125,
                    2012.587158203125
                ],
                [
                    0.0,
                    0.0,
                    1.0
                ]
            ],
            [
                [
                    3409.580078125,
                    0.0,
                    3036.183837890625
                ],
                [
                    0.0,
                    3409.43994140625,
                    2012.587158203125
                ],
                [
                    0.0,
                    0.0,
                    1.0
                ]
            ],
            [
                [
                    3409.580078125,
                    0.0,
                    3036.183837890625
                ],
                [
                    0.0,
                    3409.43994140625,
                    2012.587158203125
                ],
                [
                    0.0,
                    0.0,
                    1.0
                ]
            ],
            [
                [
                    3409.580078125,
                    0.0,
                    3036.183837890625
                ],
                [
                    0.0,
                    3409.43994140625,
                    2012.587158203125
                ],
                [
                    0.0,
                    0.0,
                    1.0
                ]
            ],
            [
                [
                    3408.35009765625,
                    0.0,
                    3036.183837890625
                ],
                [
                    0.0,
                    3408.800048828125,
                    2012.587158203125
                ],
                [
                    0.0,
                    0.0,
                    1.0
                ]
            ],
            [
                [
                    3411.419921875,
                    0.0,
                    3036.183837890625
                ],
                [
                    0.0,
                    3410.02001953125,
                    2012.587158203125
                ],
                [
                    0.0,
                    0.0,
                    1.0
                ]
            ],
            [
                [
                    3409.580078125,
                    0.0,
                    3036.183837890625
                ],
                [
                    0.0,
                    3409.43994140625,
                    2012.587158203125
                ],
                [
                    0.0,
                    0.0,
                    1.0
                ]
            ],
            [
                [
                    3409.580078125,
                    0.0,
                    3036.183837890625
                ],
                [
                    0.0,
                    3409.43994140625,
                    2012.587158203125
                ],
                [
                    0.0,
                    0.0,
                    1.0
                ]
            ]
        ],
        "depth_path": "ground_truth_depth/dslr_images/DSC_0286.JPG",
        "key_view_idx": 0
    },
    {
        "scene_name": "courtyard",
        "image_names": [
            "images/dslr_images/DSC_0290.JPG",
            "images/dslr_images/DSC_0289.JPG",
            "images/dslr_images/DSC_0292.JPG",
            "images/dslr_images/DSC_0291.JPG",
            "images/dslr_images/DSC_0288.JPG",
            "images/dslr_images/DSC_0293.JPG",
            "images/dslr_images/DSC_0287.JPG",
            "images/dslr_images/DSC_0313.JPG",
            "images/dslr_images/DSC_0312.JPG",
            "images/dslr_images/DSC_0317.JPG",
            "images/dslr_images/DSC_0319.JPG"
        ],
        "poses": [
            [
                [
                    -0.055469583719968796,
                    0.9984599947929382,
                    -0.0011835963232442737,
                    3.227679967880249
                ],
                [
                    0.16887427866458893,
                    0.008213157765567303,
                    -0.9856036305427551,
                    1.0151699781417847
                ],
                [
                    -0.9840757846832275,
                    -0.054870616644620895,
                    -0.1690700203180313,
                    3.736690044403076
                ],
                [
                    0.0,
                    0.0,
                    0.0,
                    1.0
                ]
            ],
            [
                [
                    -0.06202242895960808,
                    0.9980747699737549,
                    -0.00010938625200651586,
                    3.9333600997924805
                ],
                [
                    0.16599442064762115,
                    0.010207153856754303,
                    -0.9860738515853882,
                    1.0218000411987305
                ],
                [
                    -0.9841743111610413,
                    -0.0611768439412117,
                    -0.16630792617797852,
                    3.807460069656372
                ],
                [
                    0.0,
                    0.0,
                    0.0,
                    1.0
                ]
            ],
            [
                [
                    -0.19829733669757843,
                    0.9801376461982727,
                    -0.0029007690027356148,
                    2.632460117340088
                ],
                [
                    0.16560904681682587,
                    0.030588021501898766,
                    -0.9857169985771179,
                    1.0968300104141235
                ],
                [
                    -0.9660496115684509,
                    -0.19594544172286987,
                    -0.16838520765304565,
                    3.220089912414551
                ],
                [
                    0.0,
                    0.0,
                    0.0,
                    1.0
                ]
            ],
            [
                [
                    -0.15080715715885162,
                    0.9885621666908264,
                    -0.0003532697737682611,
                    2.9892399311065674
                ],
                [
                    0.1722104847431183,
                    0.025920115411281586,
                    -0.9847182631492615,
                    1.05964994430542
                ],
                [
                    -0.9734469056129456,
                    -0.14856432378292084,
                    -0.17414893209934235,
                    3.3721399307250977
                ],
                [
                    0.0,
                    0.0,
                    0.0,
                    1.0
                ]
            ],
            [
                [
                    -0.05361118167638779,
                    0.9985193610191345,
                    -0.009160217829048634,
                    4.488349914550781
                ],
                [
                    0.16207227110862732,
                    -0.0003501690807752311,
                    -0.9867783188819885,
                    0.9936739802360535
                ],
                [
                    -0.9853209853172302,
                    -0.05438748002052307,
                    -0.16181309521198273,
                    3.856290102005005
                ],
                [
                    0.0,
                    0.0,
                    0.0,
                    1.0
                ]
            ],
            [
                [
                    -0.1882587969303131,
                    0.9820256233215332,
                    0.013505871407687664,
                    1.7094199657440186
                ],
                [
                    0.15529216825962067,
                    0.04334429278969765,
                    -0.9869164228439331,
                    1.1448700428009033
                ],
                [
                    -0.9697633981704712,
                    -0.18369929492473602,
                    -0.1606600284576416,
                    3.303960084915161
                ],
                [
                    0.0,
                    0.0,
                    0.0,
                    1.0
                ]
            ],
            [
                [
                    -0.09443030506372452,
                    0.9954807162284851,
                    -0.01000878307968378,
                    5.217239856719971
                ],
                [
                    0.15829037129878998,
                    0.005088400561362505,
                    -0.9873790740966797,
                    1.0274399518966675
                ],
                [
                    -0.9828663468360901,
                    -0.09482323378324509,
                    -0.1580551415681839,
                    3.7239699363708496
                ],
                [
                    0.0,
                    0.0,
                    0.0,
                    1.0
                ]
            ],
            [
                [
                    -0.11268541216850281,
                    0.9932129383087158,
                    -0.02882562205195427,
                    1.9050400257110596
                ],
                [
                    -0.38461196422576904,
                    -0.07034879177808762,
                    -0.920394241809845,
                    5.830639839172363
                ],
                [
                    -0.9161749482154846,
                    -0.09262792766094208,
                    0.38992825150489807,
                    9.492219924926758
                ],
                [
                    0.0,
                    0.0,
                    0.0,
                    1.0
                ]
            ],
            [
                [
                    -0.0935516431927681,
                    0.9951161742210388,
                    -0.0315016470849514,
                    3.628459930419922
                ],
                [
                    -0.38948145508766174,
                    -0.06569782644510269,
                    -0.9186884760856628,
                    5.946710109710693
                ],
                [
                    -0.9162711501121521,
                    -0.07367528229951859,
                    0.39372509717941284,
                    9.824540138244629
                ],
                [
                    0.0,
                    0.0,
                    0.0,
                    1.0
                ]
            ],
            [
                [
                    -0.15277135372161865,
                    0.9869806170463562,
                    0.05028626322746277,
                    3.5123400688171387
                ],
                [
                    -0.11725348234176636,
                    0.03242242708802223,
                    -0.992572009563446,
                    3.268090009689331
                ],
                [
                    -0.9812803268432617,
                    -0.15753352642059326,
                    0.110774464905262,
                    12.883999824523926
                ],
                [
                    0.0,
                    0.0,
                    0.0,
                    1.0
                ]
            ],
            [
                [
                    0.7875613570213318,
                    0.6160836219787598,
                    0.013697966001927853,
                    -1.5919400453567505
                ],
                [
                    -0.1920514553785324,
                    0.2665068209171295,
                    -0.9445046186447144,
                    5.044209957122803
                ],
                [
                    -0.585545003414154,
                    0.741224467754364,
                    0.3282105028629303,
                    9.13031005859375
                ],
                [
                    0.0,
                    0.0,
                    0.0,
                    1.0
                ]
            ]
        ],
        "intrinsics": [
            [
                [
                    3409.580078125,
                    0.0,
                    3036.183837890625
                ],
                [
                    0.0,
                    3409.43994140625,
                    2012.587158203125
                ],
                [
                    0.0,
                    0.0,
                    1.0
                ]
            ],
            [
                [
                    3409.580078125,
                    0.0,
                    3036.183837890625
                ],
                [
                    0.0,
                    3409.43994140625,
                    2012.587158203125
                ],
                [
                    0.0,
                    0.0,
                    1.0
                ]
            ],
            [
                [
                    3409.580078125,
                    0.0,
                    3036.183837890625
                ],
                [
                    0.0,
                    3409.43994140625,
                    2012.587158203125
                ],
                [
                    0.0,
                    0.0,
                    1.0
                ]
            ],
            [
                [
                    3409.580078125,
                    0.0,
                    3036.183837890625
                ],
                [
                    0.0,
                    3409.43994140625,
                    2012.587158203125
                ],
                [
                    0.0,
                    0.0,
                    1.0
                ]
            ],
            [
                [
                    3409.580078125,
                    0.0,
                    3036.183837890625
                ],
                [
                    0.0,
                    3409.43994140625,
                    2012.587158203125
                ],
                [
                    0.0,
                    0.0,
                    1.0
                ]
            ],
            [
                [
                    3408.35009765625,
                    0.0,
                    3036.183837890625
                ],
                [
                    0.0,
                    3408.800048828125,
                    2012.587158203125
                ],
                [
                    0.0,
                    0.0,
                    1.0
                ]
            ],
            [
                [
                    3409.580078125,
                    0.0,
                    3036.183837890625
                ],
                [
                    0.0,
                    3409.43994140625,
                    2012.587158203125
                ],
                [
                    0.0,
                    0.0,
                    1.0
                ]
            ],
            [
                [
                    3409.580078125,
                    0.0,
                    3036.183837890625
                ],
                [
                    0.0,
                    3409.43994140625,
                    2012.587158203125
                ],
                [
                    0.0,
                    0.0,
                    1.0
                ]
            ],
            [
                [
                    3409.580078125,
                    0.0,
                    3036.183837890625
                ],
                [
                    0.0,
                    3409.43994140625,
                    2012.587158203125
                ],
                [
                    0.0,
                    0.0,
                    1.0
                ]
            ],
            [
                [
                    3408.35009765625,
                    0.0,
                    3036.183837890625
                ],
                [
                    0.0,
                    3408.800048828125,
                    2012.587158203125
                ],
                [
                    0.0,
                    0.0,
                    1.0
                ]
            ],
            [
                [
                    3409.580078125,
                    0.0,
                    3036.183837890625
                ],
                [
                    0.0,
                    3409.43994140625,
                    2012.587158203125
                ],
                [
                    0.0,
                    0.0,
                    1.0
                ]
            ]
        ],
        "depth_path": "ground_truth_depth/dslr_images/DSC_0290.JPG",
        "key_view_idx": 0
    },
    {
        "scene_name": "courtyard",
        "image_names": [
            "images/dslr_images/DSC_0295.JPG",
            "images/dslr_images/DSC_0294.JPG",
            "images/dslr_images/DSC_0293.JPG",
            "images/dslr_images/DSC_0296.JPG",
            "images/dslr_images/DSC_0292.JPG",
            "images/dslr_images/DSC_0317.JPG",
            "images/dslr_images/DSC_0313.JPG",
            "images/dslr_images/DSC_0312.JPG",
            "images/dslr_images/DSC_0315.JPG",
            "images/dslr_images/DSC_0291.JPG",
            "images/dslr_images/DSC_0297.JPG"
        ],
        "poses": [
            [
                [
                    -0.06772372126579285,
                    0.9975103735923767,
                    0.01962774433195591,
                    0.12311600148677826
                ],
                [
                    0.14734776318073273,
                    0.02945784106850624,
                    -0.9886453747749329,
                    1.1535199880599976
                ],
                [
                    -0.9867628216743469,
                    -0.06406326591968536,
                    -0.14897538721561432,
                    3.4692599773406982
                ],
                [
                    0.0,
                    0.0,
                    0.0,
                    1.0
                ]
            ],
            [
                [
                    -0.03447524085640907,
                    0.9993327856063843,
                    0.012104365043342113,
                    0.6062719821929932
                ],
                [
                    0.1531013697385788,
                    0.017248982563614845,
                    -0.9880604147911072,
                    1.1285300254821777
                ],
                [
                    -0.9876094460487366,
                    -0.032209914177656174,
                    -0.15359431505203247,
                    3.4989700317382812
                ],
                [
                    0.0,
                    0.0,
                    0.0,
                    1.0
                ]
            ],
            [
                [
                    -0.1882587969303131,
                    0.9820256233215332,
                    0.013505871407687664,
                    1.7094199657440186
                ],
                [
                    0.15529216825962067,
                    0.04334429278969765,
                    -0.9869164228439331,
                    1.1448700428009033
                ],
                [
                    -0.9697633981704712,
                    -0.18369929492473602,
                    -0.1606600284576416,
                    3.303960084915161
                ],
                [
                    0.0,
                    0.0,
                    0.0,
                    1.0
                ]
            ],
            [
                [
                    0.439924418926239,
                    0.8977925777435303,
                    0.02085777372121811,
                    -2.2738499641418457
                ],
                [
                    0.12627138197422028,
                    -0.0388452522456646,
                    -0.9912349581718445,
                    1.2645399570465088
                ],
                [
                    -0.8891131281852722,
                    0.43870222568511963,
                    -0.13045451045036316,
                    2.8383400440216064
                ],
                [
                    0.0,
                    0.0,
                    0.0,
                    1.0
                ]
            ],
            [
                [
                    -0.19829733669757843,
                    0.9801376461982727,
                    -0.0029007690027356148,
                    2.632460117340088
                ],
                [
                    0.16560904681682587,
                    0.030588021501898766,
                    -0.9857169985771179,
                    1.0968300104141235
                ],
                [
                    -0.9660496115684509,
                    -0.19594544172286987,
                    -0.16838520765304565,
                    3.220089912414551
                ],
                [
                    0.0,
                    0.0,
                    0.0,
                    1.0
                ]
            ],
            [
                [
                    -0.15277135372161865,
                    0.9869806170463562,
                    0.05028626322746277,
                    3.5123400688171387
                ],
                [
                    -0.11725348234176636,
                    0.03242242708802223,
                    -0.992572009563446,
                    3.268090009689331
                ],
                [
                    -0.9812803268432617,
                    -0.15753352642059326,
                    0.110774464905262,
                    12.883999824523926
                ],
                [
                    0.0,
                    0.0,
                    0.0,
                    1.0
                ]
            ],
            [
                [
                    -0.11268541216850281,
                    0.9932129383087158,
                    -0.02882562205195427,
                    1.9050400257110596
                ],
                [
                    -0.38461196422576904,
                    -0.07034879177808762,
                    -0.920394241809845,
                    5.830639839172363
                ],
                [
                    -0.9161749482154846,
                    -0.09262792766094208,
                    0.38992825150489807,
                    9.492219924926758
                ],
                [
                    0.0,
                    0.0,
                    0.0,
                    1.0
                ]
            ],
            [
                [
                    -0.0935516431927681,
                    0.9951161742210388,
                    -0.0315016470849514,
                    3.628459930419922
                ],
                [
                    -0.38948145508766174,
                    -0.06569782644510269,
                    -0.9186884760856628,
                    5.946710109710693
                ],
                [
                    -0.9162711501121521,
                    -0.07367528229951859,
                    0.39372509717941284,
                    9.824540138244629
                ],
                [
                    0.0,
                    0.0,
                    0.0,
                    1.0
                ]
            ],
            [
                [
                    0.517673671245575,
                    0.8551393747329712,
                    0.027406172826886177,
                    -6.293839931488037
                ],
                [
                    -0.07795011252164841,
                    0.07903877645730972,
                    -0.9938196539878845,
                    2.6094698905944824
                ],
                [
                    -0.8520200848579407,
                    0.5123381614685059,
                    0.10757426917552948,
                    9.973400115966797
                ],
                [
                    0.0,
                    0.0,
                    0.0,
                    1.0
                ]
            ],
            [
                [
                    -0.15080715715885162,
                    0.9885621666908264,
                    -0.0003532697737682611,
                    2.9892399311065674
                ],
                [
                    0.1722104847431183,
                    0.025920115411281586,
                    -0.9847182631492615,
                    1.05964994430542
                ],
                [
                    -0.9734469056129456,
                    -0.14856432378292084,
                    -0.17414893209934235,
                    3.3721399307250977
                ],
                [
                    0.0,
                    0.0,
                    0.0,
                    1.0
                ]
            ],
            [
                [
                    0.806271493434906,
                    0.5910319089889526,
                    0.02464868500828743,
                    -3.8791000843048096
                ],
                [
                    0.09519018977880478,
                    -0.08850547671318054,
                    -0.9915168285369873,
                    1.4238200187683105
                ],
                [
                    -0.583836555480957,
                    0.8017780780792236,
                    -0.1276198923587799,
                    1.3844799995422363
                ],
                [
                    0.0,
                    0.0,
                    0.0,
                    1.0
                ]
            ]
        ],
        "intrinsics": [
            [
                [
                    3408.35009765625,
                    0.0,
                    3036.183837890625
                ],
                [
                    0.0,
                    3408.800048828125,
                    2012.587158203125
                ],
                [
                    0.0,
                    0.0,
                    1.0
                ]
            ],
            [
                [
                    3408.35009765625,
                    0.0,
                    3036.183837890625
                ],
                [
                    0.0,
                    3408.800048828125,
                    2012.587158203125
                ],
                [
                    0.0,
                    0.0,
                    1.0
                ]
            ],
            [
                [
                    3408.35009765625,
                    0.0,
                    3036.183837890625
                ],
                [
                    0.0,
                    3408.800048828125,
                    2012.587158203125
                ],
                [
                    0.0,
                    0.0,
                    1.0
                ]
            ],
            [
                [
                    3407.409912109375,
                    0.0,
                    3036.183837890625
                ],
                [
                    0.0,
                    3408.080078125,
                    2012.587158203125
                ],
                [
                    0.0,
                    0.0,
                    1.0
                ]
            ],
            [
                [
                    3409.580078125,
                    0.0,
                    3036.183837890625
                ],
                [
                    0.0,
                    3409.43994140625,
                    2012.587158203125
                ],
                [
                    0.0,
                    0.0,
                    1.0
                ]
            ],
            [
                [
                    3408.35009765625,
                    0.0,
                    3036.183837890625
                ],
                [
                    0.0,
                    3408.800048828125,
                    2012.587158203125
                ],
                [
                    0.0,
                    0.0,
                    1.0
                ]
            ],
            [
                [
                    3409.580078125,
                    0.0,
                    3036.183837890625
                ],
                [
                    0.0,
                    3409.43994140625,
                    2012.587158203125
                ],
                [
                    0.0,
                    0.0,
                    1.0
                ]
            ],
            [
                [
                    3409.580078125,
                    0.0,
                    3036.183837890625
                ],
                [
                    0.0,
                    3409.43994140625,
                    2012.587158203125
                ],
                [
                    0.0,
                    0.0,
                    1.0
                ]
            ],
            [
                [
                    3409.580078125,
                    0.0,
                    3036.183837890625
                ],
                [
                    0.0,
                    3409.43994140625,
                    2012.587158203125
                ],
